1|1|1|190|153
1|2|2|190|187
1|3|3|190|187
1|4|4|190|186
2|1|1|130|122
2|2|2|130|126
2|3|3|130|121
3|1|1|190|186
3|2|2|190|185
3|3|3|190|185
3|4|4|190|187
4|1|1|200|188
4|2|2|200|195
4|3|3|200|194
5|1|1|60|54
5|2|2|60|55
5|3|3|60|54
5|4|4|60|52
6|1|1|60|39
7|1|1|80|71
7|2|2|80|79
7|3|3|80|77
7|4|4|80|75
8|1|1|60|56
8|2|2|60|58
8|3|3|60|53
8|4|4|60|58
9|1|1|170|166
9|2|2|170|168
9|3|3|170|164
9|4|4|170|167
9|5|5|170|168
10|1|1|70|66
10|2|2|70|66
10|3|3|70|65
10|4|4|70|63
11|1|1|180|158
12|1|1|90|86
12|2|2|90|87
12|3|3|90|85
12|4|4|90|86
13|1|1|130|119
13|2|2|130|120
14|1|1|150|143
14|2|2|150|146
14|3|3|150|147
14|4|4|150|146
15|1|1|200|193
15|2|2|200|193
15|3|3|200|193
16|1|1|170|165
16|2|2|170|160
16|3|3|170|163
17|1|1|200|197
17|2|2|200|196
17|3|3|200|196
17|4|4|200|196
17|5|5|200|198
18|1|1|130|120
18|2|2|130|122
18|3|3|130|127
18|4|4|130|125
19|1|1|190|172
20|1|1|180|178
20|2|2|180|178
20|3|3|180|174
20|4|4|180|177
20|5|5|180|180
21|1|1|60|49
21|2|2|60|53
21|3|3|60|56
22|1|1|80|74
22|2|2|80|77
22|3|3|80|73
22|4|4|80|73
22|5|5|80|77
23|1|1|80|61
24|1|1|50|41
24|2|2|50|43
25|1|1|100|70
26|1|1|150|146
26|2|2|150|144
26|3|3|150|145
26|4|4|150|144
26|5|5|150|147
27|1|1|190|175
27|2|2|190|181
28|1|1|50|43
28|2|2|50|41
29|1|1|160|132
30|1|1|70|67
30|2|2|70|61
30|3|3|70|64
