1|-150|97|760|739
2|-465|44|390|369
3|-65|304|760|743
4|207|-438|600|577
5|141|-81|240|212
6|-89|200|60|39
7|-475|-430|320|298
8|396|228|240|224
9|73|-23|850|833
10|452|355|280|259
11|-1|372|180|158
12|-173|-4|360|343
13|-109|207|260|239
14|-258|326|600|579
15|467|-358|600|579
16|-376|176|510|488
17|-417|162|1000|983
18|-391|-414|520|494
19|297|312|190|172
20|312|-397|900|887
21|-130|-167|180|158
22|-157|141|400|374
23|-311|279|80|61
24|124|174|100|84
25|226|-302|100|70
26|412|-335|750|726
27|-270|-119|380|356
28|494|443|100|84
29|-454|-172|160|132
30|-186|246|210|192
31|323|35|330|314
32|-135|-332|450|430
33|-134|457|170|151
34|-309|312|480|464
35|-396|36|220|208
36|-216|-442|160|145
37|36|59|220|202
38|-311|-147|160|139
39|-158|299|480|463
40|200|353|360|330
41|162|-209|400|378
42|305|-298|180|160
43|247|265|300|284
44|106|-41|180|166
45|-219|424|340|307
46|83|3|500|483
47|-360|253|1000|982
48|-316|-303|350|328
49|-254|21|650|627
50|-379|-310|130|107
51|5|-70|90|73
52|134|-246|520|491
53|313|-494|300|279
54|-97|247|100|86
55|435|283|560|538
56|-386|262|750|726
57|-484|-96|240|215
58|-435|311|800|780
59|-377|112|550|534
60|84|4|100|86
61|399|216|400|388
62|-314|-128|200|174
63|183|326|360|336
64|292|6|800|781
65|497|34|760|742
66|496|140|300|286
67|-170|-66|440|421
68|332|114|540|518
69|-155|357|700|682
70|-9|7|320|297
71|365|98|240|222
72|-388|-450|200|184
73|-211|-245|300|278
74|-316|88|390|367
75|337|220|480|460
76|-191|23|260|232
77|-324|12|240|222
78|47|-176|350|325
79|-159|23|450|431
80|382|86|420|384
81|-496|-34|850|831
82|40|-92|600|579
83|-183|-70|400|379
84|11|435|330|304
85|-391|-132|320|297
86|-276|-240|150|134
87|421|-103|1000|981
88|94|-400|280|265
89|-232|-198|550|529
90|-199|-370|180|164
91|-98|335|110|91
92|274|477|380|353
93|301|-296|440|419
94|-429|346|360|336
95|-318|251|200|184
96|-227|-366|700|677
97|-340|96|80|59
