1|0|6|7|18
1|1|3|7|18
2|2|12|7|18
2|3|6|7|18
2|4|3|7|18
2|5|6|7|18
3|6|12|7|18
3|7|9|7|18
3|8|9|7|18
4|9|9|7|18
5|10|9|7|18
5|11|9|7|18
6|12|12|7|18
6|13|12|7|18
6|14|9|7|18
6|15|9|7|18
7|16|12|7|18
7|17|15|7|18
8|18|3|7|18
8|19|6|7|18
8|20|12|7|18
8|21|9|7|18
8|22|6|7|18
9|23|9|7|18
9|24|9|7|18
9|25|15|7|18
10|26|15|7|18
10|27|12|7|18
11|28|6|7|18
11|29|15|7|18
11|30|12|7|18
11|31|15|7|18
12|32|6|7|18
13|33|15|7|18
14|34|9|7|18
14|35|6|7|18
14|36|3|7|18
14|37|9|7|18
14|38|12|7|18
15|39|15|7|18
15|40|6|7|18
15|41|12|7|18
15|42|3|7|18
16|43|15|7|18
16|44|9|7|18
16|45|3|7|18
16|46|3|7|18
16|47|9|7|18
17|48|6|7|18
17|49|15|7|18
17|50|3|7|18
17|51|15|7|18
18|52|12|7|18
18|53|3|7|18
18|54|15|7|18
18|55|3|7|18
18|56|12|7|18
19|57|3|7|18
19|58|3|7|18
19|59|9|7|18
20|60|3|7|18
20|61|3|7|18
20|62|3|7|18
20|63|9|7|18
20|64|12|7|18
21|65|9|7|18
21|66|9|7|18
21|67|9|7|18
22|68|15|7|18
22|69|6|7|18
22|70|3|7|18
23|71|6|7|18
23|72|3|7|18
23|73|15|7|18
23|74|12|7|18
23|75|15|7|18
24|76|15|7|18
24|77|15|7|18
24|78|9|7|18
25|79|6|7|18
25|80|12|7|18
25|81|9|7|18
25|82|9|7|18
26|83|12|7|18
26|84|9|7|18
26|85|6|7|18
26|86|9|7|18
27|87|15|7|18
27|88|3|7|18
28|89|9|7|18
28|90|12|7|18
28|91|15|7|18
29|92|9|7|18
29|93|6|7|18
29|94|15|7|18
29|95|15|7|18
30|96|9|7|18
